r =  [-0.11525-0.018151i       -0.11525+0.018151i               0.39051+0i]
p =  [0.72305+0.5224i          0.72305-0.5224i                 0.683+0i]
k =  [-0.10367]
